4.100818560026390225e-01 8.113081368832083529e-01 1.270201089793966398e-01 3.797804363364897240e-01 7.565285621684966211e-01
4.661446400766394715e-01 9.820815207872928276e-01 4.713824979517672320e-01 7.916958868093150192e-01 8.992464982327970091e-01
2.156422778266084972e-01 1.930280379882490793e-01 5.580123983885579841e-01 4.642348203164425868e-02 3.496021293461218926e-01
3.088871001992355980e-01 1.177084956330658461e-01 3.923116171530117713e-01 4.357157663360675670e-01 3.017897904679569532e-01
5.231081153192437272e-01 4.025592412177529944e-01 3.631423300680794997e-01 2.659977664696517863e-01 1.385821788384011821e-02
6.297587767151293647e-01 5.257997625224575255e-01 3.860816830031020830e-01 1.048068850423821141e-01 5.280444260473431406e-01
1.174025165943647364e-01 5.995940231743390747e-01 8.272282978239464679e-01 7.535508052692063696e-02 2.349089404259903091e-01
3.321944102900398210e-02 6.353592262950037428e-01 5.401993228548256365e-01 9.920106651299720468e-03 7.748729367897753129e-01
5.453660180063293339e-01 2.717692738081045611e-02 4.148257128223404866e-01 2.438074757156399874e-01 8.234863445682876204e-01
9.912758350283009667e-01 5.476745864499281691e-01 2.731411769080099861e-01 7.823593658556603492e-01 4.091362802105386054e-01
3.908828440048326414e-01 2.708283900556910373e-01 6.778977603686638931e-01 4.862900456006372663e-01 9.607842850589212169e-01
2.729528164200490936e-01 4.893735606484095335e-03 7.891703976594649506e-01 1.585673519312735813e-02 4.130712718165121533e-01
3.374901352373397279e-01 4.934859196000475068e-01 1.276933953755112761e-01 1.076165738265904004e-01 6.545898803327195870e-01
2.099207963224247742e-02 7.086713537952975539e-01 4.406598386541862311e-01 2.791543214913412285e-01 6.892753274060033908e-01
8.960933106611399523e-01 6.449881407818522927e-01 2.220576934008029468e-01 4.364932260207089465e-01 5.821173659822591606e-01
8.866840760784353570e-01 8.673608949306058635e-01 3.795966373688858253e-01 2.524750997734458435e-01 2.009475190777068043e-01
8.865855292713220592e-01 3.960812035058491887e-03 6.523068777159973797e-01 8.711013478654711095e-01 1.906524176359015721e-01
1.388485521744163842e-01 2.904000408143208034e-01 4.741963997839162559e-01 4.369831440400756550e-01 5.169365705357594765e-01
2.222725567682335424e-01 3.262806329428885599e-01 1.357467482931918878e-01 3.341819483626795595e-01 8.009342384175995866e-01
9.058294903849921642e-01 7.637891055693882825e-01 7.874909075683834692e-01 2.491921010927312663e-01 8.279145720271388065e-01
7.417858621569496380e-01 2.754811209735159583e-01 3.718164579694801519e-01 3.639637028116383677e-01 1.234091370303173063e-01
7.892852475643817867e-01 6.890338776673626819e-01 6.414540736583338454e-01 3.284611414007309049e-01 4.687474973109252430e-01
8.630675213481322494e-01 3.250097795755187979e-01 2.905897809291103639e-01 4.671494516703463828e-01 7.032313412963560051e-01
5.973300333295297193e-01 9.479624242816280244e-01 8.244851828461383647e-01 4.453677517342924386e-02 9.902558418244372662e-01
7.708550827869651290e-01 5.529562447914071477e-02 7.926443109517140595e-01 3.442038843626967770e-01 1.775652931889082353e-04
1.561248377525006337e-01 2.589618238618175416e-01 2.838861123971470057e-02 6.689988295435652654e-01 6.897567662972604596e-01
8.059118751575936601e-01 2.682550067334177335e-01 2.461098924844286051e-01 4.218318192424255209e-01 1.258596665541356074e-02
1.628277534879631894e-01 4.079845718957849643e-01 5.956577409479186791e-01 1.320806180001043995e-01 7.572791929489177676e-01
2.177330993968188411e-01 7.990661820851076014e-01 6.949948982619025273e-02 5.337269824826916809e-01 5.790278033851471440e-01
6.808644393856350119e-01 8.442150123735201461e-01 6.749655676339179067e-01 9.572068946191784056e-01 1.248165813574549921e-01
8.439025393722932034e-01 3.313912478880176593e-02 9.414060255262548527e-01 4.970449304978251659e-01 1.969180692091548890e-01
8.416750514080784118e-01 3.292722530947237436e-01 8.936370223940837132e-01 4.824367298127275605e-01 7.902044955770208823e-01
1.964784379575114093e-01 6.459058788032711051e-01 2.505003593890053892e-02 8.283364038780804961e-02 8.112826279257521200e-01
1.182885151406277702e-01 1.736481251670236592e-01 4.123555452409326527e-01 2.597397885464513001e-01 3.382096033163689563e-01
9.040994423829797899e-01 7.078097009765598191e-01 2.873872792737812709e-01 4.181232978622828611e-02 3.961115933666360389e-01
4.636492361340279755e-01 9.044357884044929019e-02 9.931127441698983649e-01 4.018010151716566725e-01 1.751099713924858525e-01
8.556688317174099279e-02 4.033147577370103098e-01 2.629806012440518703e-01 8.441218969807938732e-01 4.946402915729635197e-01
1.634846619837104775e-02 7.875572176056082618e-01 9.312246678695306201e-01 9.798532133158865953e-01 3.619419389953636434e-01
6.227838850809078730e-01 8.538209171989656898e-01 4.071483432127857016e-01 1.964198279126239122e-02 5.106299894006616213e-01
9.067169716073072427e-01 1.528415440049724072e-02 2.273278532369834570e-01 9.491814226198266313e-01 3.918276081024056889e-01
5.466614223579028264e-01 2.989372499075015899e-01 6.456899664887133516e-01 1.182255209977215449e-01 2.337612448846581037e-01
6.929062131053393969e-01 9.976527542629352041e-01 2.758685955581885452e-02 1.549325913768884178e-03 7.118502854924634304e-01
8.767278684050098247e-01 7.273689185266261070e-01 1.199468154761339500e-01 9.643562458255944270e-01 3.479692344386150493e-01
1.585289095753706912e-01 8.287944736802365098e-01 9.648912825810911364e-01 8.977894025064102612e-01 7.883181934580341110e-01
7.889584917120990859e-01 8.117670333318968146e-01 7.905737387215878709e-01 3.103731559245489491e-01 7.071663664617530154e-01
6.756515972493504218e-01 6.998869036969364021e-01 8.553399932591293497e-01 5.625669039050518183e-02 4.245134097640929083e-01
7.002417644078906545e-01 3.224380844118401868e-02 6.341374528521629417e-01 8.426379379396238267e-01 5.300395137997875317e-01
9.629703982597802581e-01 5.694734799231877531e-01 1.847064863260650114e-02 1.447382166660264868e-01 7.308245772324362122e-02
1.104687733852102172e-01 9.178732563440933356e-01 5.180641379712114247e-02 3.545806241344080512e-01 2.229013582725086762e-01
3.813165842249355286e-01 9.978870627258061843e-01 8.341005578091190698e-01 3.871506845636868421e-01 7.338456339060248634e-01
3.895159755234545162e-02 6.469623208071384468e-01 7.082758255498838862e-01 4.014549608981397011e-01 3.025240822945841623e-01
2.399495981166365199e-01 3.884960906750194454e-01 6.054574032891865132e-01 2.968514418477237182e-01 4.598122783988916051e-01
3.550231706208861748e-02 1.633256465324557372e-01 9.443280405785970943e-01 5.696103914911865296e-01 8.973111213698403699e-02
2.168339244254411380e-01 3.021132959552683683e-01 5.344862376730226128e-01 6.981267226109172386e-01 1.752084259563558843e-01
5.635344673939581828e-01 3.101074058617846463e-01 5.304872598562099251e-01 9.790139019693401279e-01 4.588660012996714777e-01
6.199525352472625706e-01 6.007087689163763677e-01 3.272805993309146899e-03 5.419835678454504313e-01 4.857928494986796242e-02
6.028545762132853092e-02 2.414910405766020896e-01 3.911158495638574761e-01 2.231132813350744648e-03 3.395299356877333752e-01
8.351979610381594643e-01 4.427363978168858960e-01 8.172351383108120704e-01 4.678924210407839901e-01 4.399664873495744422e-01
2.627655267584564358e-01 2.375944189274938889e-01 2.809862751724380159e-01 1.906810474420161938e-02 3.079110084628262634e-01
1.765455365936609011e-01 5.419806676449704375e-01 5.371634789097611273e-01 7.207706766843762214e-01 8.616898090976931046e-01
1.423021698518420752e-01 1.241437367269466741e-01 7.936752512178796293e-01 1.119815076016772437e-01 9.219717668570202029e-01
8.981226391098232620e-01 1.116603331214737205e-01 8.066075306741927742e-01 9.717457434681098238e-02 2.718467347199929884e-01
2.350742243552977895e-01 6.285668121474088377e-01 4.708213018945757167e-01 6.191729828604284336e-01 4.011970187072458893e-01
3.650971020396727162e-01 1.462127396040964200e-01 4.045772325203488284e-01 6.269381328571191903e-01 1.271717817895086089e-01
5.764920606759738053e-01 2.519661919393036964e-01 4.908318427117823735e-01 4.730275012691056435e-01 6.139354784059175563e-01
6.425905402348727202e-01 2.449103513920181108e-02 3.239232726856454692e-01 3.189273387370039625e-02 3.101065245925113123e-01
1.411979048067798503e-01 9.946622963208541224e-01 5.412860282423476166e-01 2.739801637913709120e-01 7.037851332909315083e-01
1.071767979524614889e-01 6.040389381848989547e-01 7.464661664583911449e-01 3.954851942499693074e-02 8.039647038276758195e-01
3.167706792048943232e-01 1.405748845864863705e-01 8.536022126326392456e-01 1.285593931292803305e-01 9.795598360538863014e-01
9.429569673583220180e-01 8.923837479049911980e-01 5.673641063410503893e-01 3.733864328342331174e-01 8.764045631638386347e-01
6.167868612158200481e-02 5.117732331265487655e-01 1.832125720817284753e-01 6.280710219378222714e-01 1.664571969620062264e-01
6.042130363061570808e-02 5.109599317313884281e-01 3.052412135286421968e-01 7.014160758899521397e-01 7.835425004212918099e-01
4.702881395535816189e-01 9.780062797279709397e-02 3.886074065353473106e-02 9.402735182525061575e-01 5.176063716654945024e-01
7.268378750039381497e-01 7.159765491523628622e-01 9.455676672125871152e-01 3.480279163996137237e-01 8.423803818515097630e-01
1.707901461057030890e-01 9.246829874804436411e-01 7.011555204840093092e-01 4.359205992469231683e-01 9.108401143813484868e-01
8.773800065399461889e-02 8.326197113415656492e-01 3.760823377171385040e-01 5.870132283277480489e-01 2.203590852272396816e-01
9.003317133588804033e-01 1.740744786159503787e-01 8.849029138142896489e-01 2.704369143608390536e-01 8.920263898778522105e-01
4.999712799848657907e-01 8.167093228770833102e-01 9.961215351591901079e-02 7.943631079620376845e-01 7.466300512772477971e-01
2.350235378440103107e-01 1.436908520189039695e-02 2.924655464102239311e-01 1.145972974943414435e-01 3.287696714457163383e-01
1.842600234625031419e-01 7.257918119443707017e-02 6.133214683655241473e-01 3.665212729849294249e-01 8.267645896036924791e-01
4.046238520420624152e-01 1.959729399015590623e-01 5.308023031445605611e-01 9.859060148051624894e-01 1.703245232865069347e-02
9.773917508720294522e-01 8.273481061308333162e-01 2.436437340420150033e-01 4.343972441487066183e-01 1.465700302584617143e-01
1.976160798735393520e-02 7.240596203818904231e-01 4.766183336859285413e-01 7.538682369804222683e-01 8.529302302353740650e-01
1.353487352204523209e-01 1.678414513435143585e-01 1.599716046423298454e-01 1.184257789971359109e-01 6.881455626715105023e-02
8.815494363543274758e-01 1.217006353269045604e-03 8.296207640917183657e-01 7.715369047372914180e-01 5.733050719146173257e-01
1.741335434546351646e-01 8.354063158247618803e-01 5.185994935649360649e-01 7.541371883781176066e-01 1.176270051969116048e-01
1.480105100499287119e-01 3.152603570483657469e-01 4.881257382361323671e-01 7.604833065634386546e-01 4.250074291003292926e-01
1.382581493745017598e-01 3.745562522563129493e-01 2.429859873339320631e-01 1.313079786772352042e-01 7.280528130143579801e-01
1.485169728623200180e-01 3.951074573055927130e-01 7.129472787990098759e-02 3.602854729953585133e-01 5.416705122344135370e-01
1.995270164006210933e-01 6.593603188123182690e-01 9.326856282826809785e-01 5.984326537258936041e-01 4.555048462594594172e-01
4.371341083854014542e-01 8.768344995834757016e-01 4.938846268276677609e-01 1.343979709469249606e-01 2.823768418563286087e-01
6.878418578179863463e-01 3.494570633927397418e-01 4.046421782013357449e-01 9.353698009289462822e-01 9.550750840842294753e-01
2.862432619717379945e-01 7.330990042095234527e-01 4.007823386236833985e-01 7.063299730462971882e-01 9.072821500366053948e-01
1.421999533056924614e-01 1.229809361496081443e-02 9.902574659746024022e-01 4.080218910319772796e-01 8.291581657210534972e-01
3.261189495718388454e-01 2.212000240720815025e-01 2.332914091736481010e-01 6.456917674065087986e-03 1.445585489454064287e-01
6.573149387668204557e-01 8.754058510764690659e-01 3.590359737486931158e-01 4.884729809722164751e-01 1.619677370814426309e-01
1.452921928765747994e-01 5.577240866545232212e-01 4.215020737516176341e-01 3.199689371391281068e-01 9.598526207426008039e-01
2.932114767843333469e-01 2.954078920845759626e-03 1.379455262891083889e-01 6.885694468870439122e-01 3.630556606740309444e-02
5.983767153537539185e-01 2.865399433724128420e-01 9.551640680799822203e-02 1.827278710420274788e-01 6.154734066317929519e-01
8.965734877440064698e-01 6.489077753949193950e-01 9.012842784489043524e-01 1.686957836848035353e-02 1.022702471362546550e-01
