9 8 10 4 7 9 4 8 9 9 22 24 23 23 21 95
7 8 7 0 7 7 0 7 7 6 16 22 19 19 20 75
4 7 7 0 9 5 5 7 8 8 19 23 21 19 20 80
7 7 6 0 6 7 0 8 6 6 20 23 18 20 16 93
6 5 5 8 6 6 0 7 5 7 11 21 22 17 26 89
6 7 6 0 7 7 0 7 6 6 15 19 18 24 23 61
6 6 6 0 7 6 0 7 6 7 19 20 16 13 18 80
9 8 10 5 9 9 4 8 10 9 22 24 25 23 24 95
6 8 7 0 8 8 0 7 6 8 16 15 14 25 17 69
6 8 7 0 7 7 6 8 7 7 18 15 21 14 18 75
8 5 6 0 6 8 0 6 8 8 16 20 17 15 19 72
8 8 6 0 6 7 0 7 7 8 20 19 20 17 18 85
7 6 7 2 6 7 0 8 7 7 17 18 17 14 20 78
6 7 6 0 6 7 0 7 7 6 18 14 20 16 19 72
5 7 7 0 9 8 2 8 6 6 21 19 22 15 20 75
7 8 6 0 7 6 0 6 6 6 17 16 17 18 19 74
6 8 8 0 6 7 0 5 8 7 16 22 20 14 23 85
8 7 7 0 6 7 0 6 6 7 25 23 18 16 22 68
6 5 6 0 7 5 0 7 6 8 18 23 20 22 20 74
6 7 7 5 7 7 4 7 9 8 21 19 24 19 20 62
6 6 8 0 7 5 0 6 7 7 25 15 15 22 15 45
8 7 7 0 6 6 6 7 9 7 25 18 17 25 23 77
6 6 6 6 5 7 0 7 6 6 25 22 16 25 18 79
5 6 6 0 6 7 0 5 7 7 21 22 19 21 22 63
6 6 7 0 6 5 0 8 6 5 20 16 20 23 17 93
7 6 7 0 7 7 0 5 5 7 19 18 25 21 20 56
6 6 6 1 5 7 0 7 6 7 17 21 17 19 17 71
3 1 2 0 0 1 0 0 2 1 7 9 6 8 6 33
7 8 6 0 7 7 1 8 7 8 15 20 20 21 26 86
6 6 9 0 7 8 0 7 6 7 22 16 22 15 18 85
6 8 7 0 7 6 0 5 7 7 19 24 17 17 19 72
7 8 6 4 6 7 0 6 7 7 17 22 16 16 18 74
6 6 7 3 6 6 0 9 6 8 18 25 22 19 15 62
7 6 7 0 4 7 2 7 6 8 22 16 14 23 20 51
8 6 6 0 6 6 0 7 7 7 22 20 22 17 16 67
6 5 8 0 6 6 0 6 6 7 21 17 17 18 19 72
7 7 8 5 7 7 0 6 6 6 18 15 17 12 21 83
7 6 7 0 7 7 6 5 7 7 14 16 19 17 24 83
5 7 5 7 7 5 0 5 8 7 15 20 19 15 21 67
7 6 6 0 6 6 0 8 8 7 18 21 21 25 23 67
6 6 7 0 5 7 0 7 7 6 18 18 22 21 21 60
5 7 6 6 8 7 0 7 8 8 14 19 17 20 19 56
8 7 5 0 7 7 3 4 6 7 22 20 21 18 16 53
6 5 7 0 6 7 0 7 7 7 18 19 20 26 19 90
6 6 7 8 7 7 0 6 6 7 16 18 18 20 14 65
6 7 7 3 7 9 0 5 7 7 19 19 20 17 18 66
6 6 6 0 6 9 6 6 5 7 15 18 17 20 16 58
5 6 6 0 8 8 2 6 8 7 21 23 13 20 21 78
7 8 6 2 7 4 0 7 7 7 17 18 19 18 18 54
6 6 8 0 9 7 0 6 6 7 14 22 22 17 15 68
