0.000000000000000000e+00 -1.565138829910454887e-01
2.500000000000000139e-02 2.114023626455039870e-02
5.000000000000000278e-02 -4.197554280562167117e-02
7.500000000000001110e-02 6.463463687148606196e-01
1.000000000000000056e-01 6.382323172524067001e-01
1.250000000000000000e-01 -1.688388485381425719e-02
1.500000000000000222e-01 1.153523249323047950e-01
1.750000000000000167e-01 3.753026029842379541e-01
2.000000000000000111e-01 6.858076711267092618e-01
2.250000000000000056e-01 1.655723199379447452e-01
2.500000000000000000e-01 1.148593949987731122e+00
2.750000000000000222e-01 1.710542258527540938e-01
3.000000000000000444e-01 6.175094106689065221e-01
3.250000000000000111e-01 5.695034218050698538e-01
3.500000000000000333e-01 5.364725342597895796e-01
3.750000000000000000e-01 1.189078356036288087e+00
4.000000000000000222e-01 7.277286272827960811e-01
4.250000000000000444e-01 9.550603311133054607e-01
4.500000000000000111e-01 2.512209607159696656e-01
4.750000000000000333e-01 7.286392363559583973e-01
5.000000000000000000e-01 6.148664382202753131e-01
5.250000000000000222e-01 6.111457341660311293e-01
5.500000000000000444e-01 9.652237556757725656e-01
5.750000000000000666e-01 2.818977108783005114e-01
6.000000000000000888e-01 5.342322622555519818e-01
6.250000000000000000e-01 9.107852650288905672e-01
6.500000000000000222e-01 4.500376714508592668e-01
6.750000000000000444e-01 1.200208677027914117e+00
7.000000000000000666e-01 1.191599831437873291e+00
7.250000000000000888e-01 7.008244627432840268e-01
7.500000000000000000e-01 1.026696868319198597e+00
7.750000000000000222e-01 7.370090923148483464e-01
8.000000000000000444e-01 9.101445324741610499e-01
8.250000000000000666e-01 9.356641783099183263e-01
8.500000000000000888e-01 5.453543400788325446e-01
8.750000000000000000e-01 5.737470614024109405e-01
9.000000000000000222e-01 6.654166355686796930e-01
9.250000000000000444e-01 8.733649642982658223e-01
9.500000000000000666e-01 6.982817415551187956e-01
9.750000000000000888e-01 8.239671645392765420e-01
1.000000000000000000e+00 5.072377908083862685e-01
1.025000000000000133e+00 1.229099458224691466e+00
1.050000000000000044e+00 1.592522180652326869e+00
1.074999999999999956e+00 9.970133393899724972e-01
1.100000000000000089e+00 1.000002934423076306e+00
1.125000000000000000e+00 1.231006056348095790e+00
1.150000000000000133e+00 1.565770303085144421e+00
1.175000000000000044e+00 1.447618599313930110e+00
1.200000000000000178e+00 1.801781057420597465e+00
1.225000000000000089e+00 1.185223550329055797e+00
1.250000000000000000e+00 7.107954701512502194e-01
1.275000000000000133e+00 6.903346069469888935e-01
1.300000000000000044e+00 1.008669297315365698e+00
1.325000000000000178e+00 1.410436117807774670e+00
1.350000000000000089e+00 1.426923763501145803e+00
1.375000000000000000e+00 1.260981493570673795e+00
1.400000000000000133e+00 9.639125624794514513e-01
1.425000000000000044e+00 1.421572746242269591e+00
1.450000000000000178e+00 8.333464688203797710e-01
1.475000000000000089e+00 1.589218997388554655e+00
1.500000000000000000e+00 2.250208219941573606e+00
1.525000000000000133e+00 1.474462673182275863e+00
1.550000000000000044e+00 1.401793594495627682e+00
1.575000000000000178e+00 1.337466712502653365e+00
1.600000000000000089e+00 1.667520039726302361e+00
1.625000000000000000e+00 2.045822254913336913e+00
1.650000000000000133e+00 1.066084394747652153e+00
1.675000000000000044e+00 1.076804909728615645e+00
1.700000000000000178e+00 1.238951804479379470e+00
1.725000000000000089e+00 6.771294960151713616e-01
1.750000000000000000e+00 1.212294787105085092e+00
1.775000000000000133e+00 1.572575317819235874e+00
1.800000000000000044e+00 1.647621302259433484e+00
1.825000000000000178e+00 1.994691757214743344e+00
1.850000000000000089e+00 9.874630356447733348e-01
1.875000000000000000e+00 2.081032433507711499e+00
1.900000000000000133e+00 7.031446709341532264e-01
1.925000000000000044e+00 8.950008765360099039e-01
1.950000000000000178e+00 1.367660224918340717e+00
1.975000000000000089e+00 1.402591518906509460e+00
2.000000000000000000e+00 8.898577616727119111e-01
2.024999999999999911e+00 1.398548592311697814e+00
2.050000000000000266e+00 1.140616939290314935e+00
2.075000000000000178e+00 1.379613137609978057e+00
2.100000000000000089e+00 1.105894150257566988e+00
2.125000000000000000e+00 1.542677749201654569e+00
2.149999999999999911e+00 5.488529444608339913e-01
2.175000000000000266e+00 4.794801060308361840e-01
2.200000000000000178e+00 1.605206195974774985e+00
2.225000000000000089e+00 1.030027527434544954e+00
2.250000000000000000e+00 7.321559452675617807e-01
2.274999999999999911e+00 1.163547412475567366e+00
2.300000000000000266e+00 9.745532133834744482e-01
2.325000000000000178e+00 9.733343041032451737e-01
2.350000000000000089e+00 1.237024434764412817e+00
2.375000000000000000e+00 1.526487276004506954e+00
2.400000000000000355e+00 9.569240635632352276e-01
2.425000000000000266e+00 9.606278586572287725e-01
2.450000000000000178e+00 1.170823747085457445e+00
2.475000000000000089e+00 1.269813270619534862e+00
2.500000000000000000e+00 1.186265844505911549e+00
2.525000000000000355e+00 9.769162265623630992e-01
2.550000000000000266e+00 2.643356977844790734e-02
2.575000000000000178e+00 4.832986863009266498e-01
2.600000000000000089e+00 4.148015253965949833e-01
2.625000000000000000e+00 1.315506722158912511e+00
2.650000000000000355e+00 1.085879707573608188e+00
2.675000000000000266e+00 6.693142548538638659e-01
2.700000000000000178e+00 1.027557966055229421e+00
2.725000000000000089e+00 -1.110655344912046538e-01
2.750000000000000000e+00 1.849126202492718807e-01
2.775000000000000355e+00 3.006798952259081559e-01
2.800000000000000266e+00 1.243032743768347048e+00
2.825000000000000178e+00 4.854207945930514856e-01
2.850000000000000089e+00 1.039198855510639286e+00
2.875000000000000000e+00 2.103713073844264980e-01
2.900000000000000355e+00 9.658907146429240864e-02
2.925000000000000266e+00 -2.908343156450337030e-01
2.950000000000000178e+00 7.400343055032301276e-01
2.975000000000000089e+00 3.635908732218676165e-02
3.000000000000000000e+00 7.905487714831116453e-01
3.025000000000000355e+00 1.808923237860478039e-01
3.050000000000000266e+00 3.379531549433568149e-01
3.075000000000000178e+00 -5.347141050429222719e-01
3.100000000000000089e+00 3.533597149573391993e-01
3.125000000000000000e+00 1.594259357800946741e-01
3.150000000000000355e+00 1.865709397977257378e-01
3.175000000000000266e+00 -6.617266654407942539e-02
3.200000000000000178e+00 2.017260166647594777e-01
3.225000000000000089e+00 -1.008462649749823498e-01
3.250000000000000000e+00 -2.048558316041908245e-01
3.275000000000000355e+00 -6.718558534979804930e-01
3.300000000000000266e+00 8.666718561153563538e-02
3.325000000000000178e+00 -1.365464510191865544e-01
3.350000000000000089e+00 4.230109539954929332e-01
3.375000000000000000e+00 1.095832625966115248e-01
3.400000000000000355e+00 5.107233447495312939e-01
3.425000000000000266e+00 4.289497577296676467e-01
3.450000000000000178e+00 1.960486745013573229e-01
3.475000000000000089e+00 -3.608199818129408376e-01
3.500000000000000000e+00 -5.625020863737062449e-01
3.525000000000000355e+00 -3.903059803600993916e-01
3.550000000000000266e+00 -7.572510665695245669e-01
3.575000000000000178e+00 -5.533586444656568570e-03
3.600000000000000089e+00 2.274508327942398322e-02
3.625000000000000000e+00 -4.173980533833741013e-01
3.650000000000000355e+00 -5.227126425346314553e-01
3.675000000000000266e+00 -2.829822643381504355e-01
3.700000000000000178e+00 6.135854108384525274e-01
3.725000000000000089e+00 3.404610440389607140e-01
3.750000000000000000e+00 3.455229531840282586e-01
3.775000000000000355e+00 3.375039754071155196e-01
3.800000000000000266e+00 -8.070195167438581896e-01
3.825000000000000178e+00 -6.598063147431174613e-01
3.850000000000000089e+00 -7.462250294559252817e-01
3.875000000000000000e+00 -9.341229943745501529e-01
3.900000000000000355e+00 -2.043671107046317048e-01
3.925000000000000266e+00 -3.874065330877564661e-01
3.950000000000000178e+00 -4.825871401400165794e-01
3.975000000000000089e+00 -5.282092489699035109e-01
4.000000000000000000e+00 4.480163598963282645e-01
4.025000000000000355e+00 4.523221858243263727e-01
4.049999999999999822e+00 -3.641303069019155014e-01
4.075000000000000178e+00 4.770715394999446302e-01
4.100000000000000533e+00 -1.049902986862097931e+00
4.125000000000000000e+00 -8.093902707765475713e-01
4.150000000000000355e+00 -1.174148594691125869e+00
4.174999999999999822e+00 -5.497874517599863342e-01
4.200000000000000178e+00 -4.889641589963129031e-01
4.225000000000000533e+00 -1.276212511289546825e+00
4.250000000000000000e+00 -1.145228507252132877e+00
4.275000000000000355e+00 -5.011229445625506873e-01
4.299999999999999822e+00 -2.726784687521296435e-01
4.325000000000000178e+00 -7.472452271072077545e-01
4.350000000000000533e+00 -7.434769078235766715e-01
4.375000000000000000e+00 -8.717257204934031334e-01
4.400000000000000355e+00 -2.849174971978524207e-01
4.424999999999999822e+00 -5.303367847384060640e-01
4.450000000000000178e+00 -5.509294345572242069e-01
4.475000000000000533e+00 -1.411981155747545902e+00
4.500000000000000000e+00 -1.125082101394450973e+00
4.525000000000000355e+00 -5.336180430166093114e-01
4.549999999999999822e+00 -5.704855420834962221e-01
4.575000000000000178e+00 -1.362339913630407073e-01
4.600000000000000533e+00 -9.654238865404202175e-01
4.625000000000000000e+00 -6.411932137709532853e-01
4.650000000000000355e+00 -7.347045005553660690e-01
4.674999999999999822e+00 -7.695897808505298698e-01
4.700000000000000178e+00 -7.902225075486055683e-01
4.725000000000000533e+00 -1.291633521553024799e+00
4.750000000000000000e+00 -7.936221584774404425e-01
4.775000000000000355e+00 1.327762764937256978e-01
4.800000000000000711e+00 -7.391497576433814221e-01
4.825000000000000178e+00 -2.901072157893243020e-01
4.850000000000000533e+00 -1.846594939505731281e-01
4.875000000000000000e+00 -1.245072235206758471e+00
4.900000000000000355e+00 -1.255928096750154710e+00
4.925000000000000711e+00 -3.544715845349646344e-01
4.950000000000000178e+00 -6.814951248963108110e-01
4.975000000000000533e+00 -2.341658237458170699e-01
5.000000000000000000e+00 -2.830185851032400723e-01
5.025000000000000355e+00 -1.105308941226487152e+00
5.050000000000000711e+00 -1.060613811044507138e+00
5.075000000000000178e+00 -2.125153423951119391e-01
5.100000000000000533e+00 -1.325815565540418461e+00
5.125000000000000000e+00 -1.345479928345112208e+00
5.150000000000000355e+00 -5.681094356191328520e-01
5.175000000000000711e+00 -1.159816207047292158e+00
5.200000000000000178e+00 -1.334837474866140017e+00
5.225000000000000533e+00 1.294931394690203019e-01
5.250000000000000000e+00 -3.636257962396470256e-01
5.275000000000000355e+00 -1.083267975198572541e+00
5.300000000000000711e+00 -5.115064168569976033e-01
5.325000000000000178e+00 -7.037176722837061860e-01
5.350000000000000533e+00 -3.533235363347571600e-01
5.375000000000000000e+00 -1.001281298808163633e+00
5.400000000000000355e+00 -2.900438146088654134e-01
5.425000000000000711e+00 2.547597237204189957e-01
5.450000000000000178e+00 -5.319586274641669998e-01
5.475000000000000533e+00 -6.704992913070755289e-01
5.500000000000000000e+00 -1.036928733427252336e+00
5.525000000000000355e+00 -4.325406695675634849e-01
5.550000000000000711e+00 -1.333656947484120225e+00
5.575000000000000178e+00 -8.850388921724811064e-01
5.600000000000000533e+00 -6.921023681132493222e-01
5.625000000000000000e+00 -5.412363039037424439e-01
5.650000000000000355e+00 -1.317739940412177568e-01
5.675000000000000711e+00 -8.390423118494408916e-01
5.700000000000000178e+00 -6.534752535782306637e-01
5.725000000000000533e+00 5.756713161505466747e-02
5.750000000000000000e+00 -4.995390884484731120e-01
5.775000000000000355e+00 5.402122600734993174e-01
5.800000000000000711e+00 2.668353046274294371e-01
5.825000000000000178e+00 1.983577996664542820e-03
5.850000000000000533e+00 -1.226718203862886547e-01
5.875000000000000000e+00 -2.891411420747258543e-02
5.900000000000000355e+00 -8.482590104913932949e-01
5.925000000000000711e+00 -1.015136610888647040e+00
5.950000000000000178e+00 4.007185850052973342e-01
5.975000000000000533e+00 -2.364189367145654863e-01
6.000000000000000000e+00 9.356769124676131977e-01
6.025000000000000355e+00 3.284363928332887372e-01
6.050000000000000711e+00 3.502753576819096493e-01
6.075000000000000178e+00 -2.741667119924501295e-01
6.100000000000000533e+00 2.661146026370108664e-01
6.125000000000000000e+00 -4.180580653474847974e-01
6.150000000000000355e+00 -7.157968864161490252e-01
6.175000000000000711e+00 1.131717580315139415e-01
6.200000000000000178e+00 3.520953227672611319e-01
6.225000000000000533e+00 -1.090716231467329239e-01
6.250000000000000000e+00 2.745216728978929766e-01
6.275000000000000355e+00 -1.062610733457290957e-01
